{
"file_path": "./data/stress_calc", 
"D_1st": [3.73E-04, 1.22E+01, 1.87E-01],
"c_surf_1st": [2.13E+00, 1.27E+01],
"time_1st": 14400.0,
"temp_1st": 395.0,
"D_2nd": [3.55E-04, 6.23E+00, 1.64E-01],
"c_surf_2nd": [6.10E+00, 8.72E+00],
"time_2nd": 10800.0,
"temp_2nd": 380.0,
"thickness": 800,
"c_glass": [0.29, 9.22],
"y_total_alkali": 19.37,
"step_size": 1,
"Young_modulus": 82000,
"Poisson_ratio": 0.22,
"dilation_coeff_1st": [0.00183081, 0.00076977],
"dilation_coeff_2nd": [0.00151281, 0.00080915]
}